1000
48 2037
13 3466
55 4387
11 5790
61 5960
69 5970
87 6551
38 7345
17 8779
9 11798
45 12062
90 13048
9 15287
79 16572
42 17106
39 18099
36 18195
63 18241
15 19407
16 20317
100 20427
99 20458
3 21334
50 21345
1 22060
85 24609
90 25885
60 27004
80 27625
96 27629
28 29653
79 33194
60 33388
34 33572
90 37235
72 37891
3 37957
76 38342
9 40278
71 40462
36 42805
5 42905
12 43056
44 43105
83 45274
54 47484
34 47651
71 48602
68 49610
48 50123
38 50951
19 51304
46 51344
40 52017
68 52243
99 52957
25 55245
10 55806
10 56570
56 58250
57 59068
89 59068
35 59297
16 59407
22 59886
24 60371
87 61022
76 62758
51 62775
47 62943
47 63173
38 64624
51 64654
58 65992
81 66586
85 68316
63 71036
66 72410
7 72689
82 72757
13 72972
45 73301
1 74782
11 76127
36 78434
20 79059
9 80189
12 80518
29 81930
18 84025
68 84675
85 85008
6 85015
2 85141
52 85311
79 85598
77 85776
38 85780
55 88078
79 88595
84 89490
53 89767
16 90097
86 90376
62 90572
48 92796
23 96559
25 96951
13 96999
29 97381
6 97557
25 97606
25 99233
58 100361
87 100537
61 100988
30 101005
47 101064
24 101730
58 102198
16 104737
91 106331
95 106944
73 107514
44 107598
46 108318
52 108484
72 108907
84 112639
58 112842
50 114606
19 115349
10 115673
17 115877
57 115916
71 116968
64 117386
79 117978
47 119811
76 122783
59 123289
5 123326
53 125066
84 125425
62 125731
39 126261
96 127699
91 127721
38 127985
19 128584
1 129738
53 129779
62 131895
95 132374
26 134814
57 136222
92 138326
29 138664
29 140054
27 141268
86 145573
30 147946
46 153356
47 153501
47 154160
54 156220
69 157090
10 158160
32 161823
16 164523
38 165372
90 165462
72 165502
90 168598
25 168612
33 169020
80 169064
20 169519
76 169696
17 170277
91 170841
76 171387
22 171448
52 172286
22 172770
47 173343
60 174593
13 175541
27 175662
88 177873
40 177911
12 178408
70 179175
37 179381
10 179922
16 180899
90 181090
30 181717
77 182057
73 184039
97 185952
14 186142
14 186488
68 187183
3 191358
39 191530
1 192189
35 192404
10 192743
28 193297
51 195399
100 195771
3 196185
72 198005
3 199719
24 201756
70 202053
63 205256
88 205754
96 208413
2 209588
27 210219
59 210555
23 211313
63 212717
20 214540
38 215154
4 216158
50 216402
15 217570
76 217607
46 219052
80 221713
90 221742
14 222288
83 226802
80 227024
66 229125
69 229371
89 231625
45 231923
19 232295
41 232871
47 233412
43 234029
95 235924
22 237124
64 238375
57 238567
61 240253
12 240539
11 241290
88 241350
22 242004
33 244624
2 244953
94 245123
23 245335
6 249616
43 256283
89 256856
33 257450
40 263835
68 264030
22 266234
5 266709
2 268334
53 268581
22 269399
70 270446
42 270989
66 272274
41 272349
34 273422
64 274386
83 274582
28 275480
85 278460
98 282449
37 285744
46 285943
61 287005
47 287763
85 289008
83 291249
31 292048
86 294989
76 295051
5 296250
43 296764
70 296991
93 298324
76 299028
9 299916
61 300296
49 300767
66 302051
14 303413
2 303914
87 304104
84 306219
95 306331
5 306566
24 306581
28 307263
68 308215
58 308555
55 308815
53 309051
55 310232
91 310593
50 310989
16 311477
89 311974
86 312731
50 312933
72 315078
23 315290
25 316611
76 318306
66 318441
46 318721
21 319299
93 321115
6 322268
33 323441
93 324077
71 324105
46 324301
94 328032
10 328083
29 328185
40 328372
14 329203
52 329899
67 330433
81 331040
9 332844
74 333314
85 334063
16 335346
16 335363
86 335846
83 336332
57 338347
71 338612
32 340208
28 341014
46 341307
8 342237
55 343319
63 344262
53 344338
27 344502
55 344797
58 345044
59 346587
47 348471
81 348731
5 349522
93 349766
90 350985
85 352692
32 353004
55 354684
37 356698
51 356846
35 356926
97 357607
24 358747
72 359315
64 359504
91 360166
57 360605
46 361779
47 361857
80 362550
77 364021
26 365957
25 366183
84 366262
33 368765
87 369196
88 370326
59 370602
93 372182
46 372305
18 374261
91 374832
78 375827
74 377122
83 377339
19 377356
58 378403
67 378542
73 380778
46 382489
17 382858
7 383549
95 385622
92 385638
78 386306
58 390680
82 391847
87 392128
4 392974
29 394919
66 395690
80 396884
54 397005
42 398156
16 398859
86 399051
28 400252
3 400628
97 401493
20 402512
100 404709
14 405037
62 405074
77 406520
39 408196
97 408476
95 409612
96 411470
63 411705
67 412573
94 413215
31 414425
26 415243
88 417043
22 417201
55 418429
45 418573
3 418865
41 419111
48 419389
83 420394
58 421613
80 424349
89 424444
99 430900
95 432344
26 433036
26 433476
49 433964
22 435223
97 435539
49 436267
35 437419
11 438428
25 439122
25 440871
7 441873
20 443365
21 443495
69 444308
38 444690
66 444960
99 446800
63 447481
53 448542
72 452012
18 452913
49 453084
74 453837
10 454539
49 454907
9 455620
68 455733
28 455940
97 455968
66 456007
74 456225
22 456860
44 456961
22 456993
44 457169
92 462235
22 464953
30 465335
2 465359
47 466860
55 467341
8 470468
18 471199
27 471420
28 472087
7 473927
92 474952
26 476336
70 476608
96 477447
49 478190
39 478196
44 478583
23 478634
48 478965
92 479265
83 479402
67 483059
71 483905
79 483934
85 484439
96 485362
100 487218
80 489752
70 490515
95 492581
71 493196
91 494291
25 494307
25 494857
89 495435
31 497946
32 498097
58 500081
57 500937
60 501827
65 502363
100 502891
37 502969
34 503916
95 504808
86 508227
24 509187
38 511400
60 512573
23 513112
82 515293
94 516942
42 516964
4 519442
72 519532
26 522887
100 523105
23 524077
5 525823
21 525965
18 526488
75 526794
11 527952
94 528412
51 529055
52 529618
24 530753
83 534948
9 535076
32 537680
94 538530
73 542213
31 542304
82 543367
58 543720
77 544052
19 544407
33 547674
66 547675
30 547931
56 549358
99 550865
23 551233
97 553110
3 553321
46 553572
74 558930
54 559109
69 560322
78 561266
74 562448
38 563169
4 563296
36 563984
83 565864
55 565986
87 566041
58 567180
89 568301
96 570261
89 571402
34 571850
20 575106
71 578117
15 579020
78 579409
99 581308
86 581949
10 582022
64 582156
15 583661
17 585430
63 586358
90 586709
13 586827
17 586868
35 587503
86 587943
70 588037
55 588885
15 592150
43 592471
92 594815
19 595227
78 596364
26 598612
25 601190
17 601627
83 602764
13 603176
12 605278
23 607820
46 607863
83 607869
45 608102
12 608783
60 609333
43 610261
97 611453
22 613300
59 615216
64 615572
38 615675
21 615818
53 618065
3 621849
89 622503
39 623681
40 623773
58 625448
94 628178
55 628240
52 628829
37 631598
25 632417
81 632435
63 633217
49 633674
97 634622
45 635931
13 637852
60 641495
20 643870
58 644108
43 645588
64 646345
21 649011
2 649733
59 650490
18 652381
75 652433
17 652518
81 654063
65 654148
89 654334
85 654547
67 655097
77 655249
23 656593
6 657196
34 657423
68 660137
12 662729
85 664586
5 665012
36 665267
65 667973
67 669145
36 669301
62 669429
63 670582
48 671439
73 673679
82 673901
57 674297
15 674340
46 675240
78 676361
17 676909
4 677181
47 677667
43 678181
72 678892
79 680964
7 681316
60 681454
63 685521
73 686134
36 686408
37 687047
31 688644
21 689710
5 689825
42 690369
5 690858
9 691304
30 692475
21 692582
27 693263
17 694594
34 695043
89 695889
65 697332
7 697357
71 697376
73 698554
21 699582
68 700230
2 702260
89 703008
23 704022
48 706165
84 706929
94 707713
26 708898
90 709222
53 709922
40 709938
15 710530
40 710610
29 713549
45 714684
60 715182
85 715431
38 715469
16 716544
45 721811
19 722390
36 723415
71 723583
36 723756
22 724738
59 725529
52 726343
80 729057
81 729818
24 731235
52 732922
48 732951
26 734260
93 734391
70 734411
25 735310
76 735448
15 736847
3 738073
65 738212
67 738837
42 739747
79 739960
58 740467
22 740644
23 740696
17 742852
6 743088
13 744106
32 744943
50 747486
31 749412
20 750404
20 751386
18 751504
93 751848
31 751887
69 755793
72 755923
11 756240
45 756252
75 756777
11 757018
70 758088
67 758158
32 758291
94 761102
42 763486
47 763744
96 764605
7 766586
65 766829
90 767876
37 767979
23 769016
63 769132
12 769308
91 769439
69 775512
24 775534
75 776205
70 776853
6 777796
94 778847
42 779116
24 779951
38 780887
72 782304
44 782643
61 782788
34 783008
88 784875
35 787152
96 787393
9 788557
2 789398
28 790192
55 791608
43 792890
26 795233
50 797033
1 798089
42 798954
91 800164
38 801566
16 803852
6 804656
49 805038
7 805609
74 806097
24 806180
81 808975
95 809791
29 809941
26 810013
88 810020
4 810134
15 810676
59 810949
48 811486
75 811677
45 812228
87 812956
9 814096
40 814582
96 815073
62 815266
19 815565
50 815924
57 817733
96 820098
51 820683
57 820769
38 822243
94 825348
46 826976
53 827129
99 828192
46 828339
11 828475
24 829077
69 829224
91 830015
18 832050
50 832471
68 833089
6 835179
53 835450
82 837851
16 837982
52 839743
56 840570
12 841354
39 843415
17 843870
4 844007
34 844136
78 846720
22 848104
35 848394
34 849889
18 851349
85 853661
43 855934
7 858707
78 860489
40 860739
59 861858
76 863616
86 863881
70 865407
99 866975
54 867144
12 871273
69 871836
3 873789
32 877702
74 879387
8 879708
13 882514
41 883054
59 885399
21 885716
5 885929
49 886162
89 886600
8 888607
82 891120
18 892072
81 894069
16 894894
52 894996
50 895080
53 895381
46 895746
56 895994
30 896457
85 897080
15 901155
58 901158
70 901953
36 904059
56 906042
76 906422
99 907409
76 908245
78 908381
30 908952
49 909710
37 910682
95 911734
42 913186
96 913969
67 914623
46 916489
44 916591
7 919464
53 919734
78 920659
24 921608
85 922807
45 923297
75 924739
35 925170
97 925648
72 929358
90 930179
79 930562
9 930574
56 933888
36 934122
78 934342
43 935160
43 936489
5 936635
42 938003
19 938509
35 938663
23 938988
19 939673
71 939931
69 942127
60 943434
66 943849
35 944319
57 947061
62 947271
41 957061
61 957669
91 957951
65 959600
46 961412
35 962959
91 963067
80 963770
32 964371
15 964531
21 964815
62 965801
23 967465
77 967885
97 968382
52 970119
19 971457
39 974152
57 974460
12 974911
57 975557
91 978155
35 978810
28 979855
61 980475
3 982649
87 983152
79 983159
90 984440
96 984557
92 986672
82 987774
56 988731
82 989172
98 990229
1 991045
16 992493
41 992788
32 993547
99 994461
55 994586
53 994642
60 996153
77 998671
29 998845
8 999183
80 999201
